image: my_map_1-2.pgm
resolution: 0.050000
origin: [-4.218232, -5.448028, 0.000000]
negate: 0
occupied_thresh: 0.65
free_thresh: 0.196

